2022-09-15 15:40:38.853034
0.3549500 9.5959015 3.6079865
0.0227306 -0.0041828 -0.0193706
-0.0290985 -0.0796204 -0.0299225
45.2331543 20.4788208 -2.9113770

2022-09-15 15:40:38.973975
0.3549500 9.5959015 3.6079865
0.0227306 -0.0041828 -0.0193706
-0.0038452 0.0084839 0.0049133
45.7321167 19.6548462 -3.5293579

2022-09-15 15:40:38.998035
0.4076233 9.5671692 3.6007996
0.0227306 -0.0041828 -0.0193706
-0.0038452 0.0127411 0.0027924
45.7321167 19.6548462 -3.5293579

2022-09-15 15:40:39.007264
0.4076233 9.5671692 3.6007996
0.0227306 -0.0041828 -0.0193706
-0.0017090 0.0031586 0.0027924
45.7321167 19.6548462 -3.5293579

2022-09-15 15:40:39.023808
0.4076233 9.5671692 3.6007996
0.0227306 -0.0041828 -0.0193706
0.0025482 0.0319214 0.0027924
45.7321167 19.6548462 -3.5293579

2022-09-15 15:40:39.042344
0.4076233 9.5671692 3.6007996
0.0227306 -0.0041828 -0.0193706
-0.0059814 0.0926361 0.0134430
45.7321167 19.6548462 -3.5293579

2022-09-15 15:40:39.065817
0.4076233 9.5671692 3.6007996
0.0227306 -0.0041828 -0.0193706
0.0014801 0.0819855 0.0187683
45.7321167 19.6548462 -3.5293579

2022-09-15 15:40:39.074115
0.4076233 9.5671692 3.6007996
0.0227306 -0.0041828 -0.0193706
0.0259857 0.0542908 0.0134430
45.7321167 19.6548462 -3.5293579

2022-09-15 15:40:39.090429
0.4076233 9.5671692 3.6007996
0.0227306 -0.0041828 -0.0193706
0.0440979 0.0478973 -0.0281067
45.7321167 19.6548462 -3.5293579

2022-09-15 15:40:39.107514
0.4076233 9.5671692 3.6007996
0.0227306 -0.0041828 -0.0193706
0.0632629 0.0617371 -0.0472870
45.7321167 19.6548462 -3.5293579

2022-09-15 15:40:39.123997
0.4076233 9.5671692 3.6007996
0.0227306 -0.0041828 -0.0193706
0.0707245 0.0628052 -0.0547333
45.7321167 19.6548462 -3.5293579

2022-09-15 15:40:39.143132
0.4076233 9.5671692 3.6007996
0.0227306 -0.0041828 -0.0193706
0.0685883 0.0532227 -0.0398254
44.7265625 21.0525513 -2.6092529

2022-09-15 15:40:39.158072
0.4076233 9.5671692 3.6007996
0.0227306 -0.0041828 -0.0193706
0.0739136 0.0521545 -0.0195770
44.7265625 21.0525513 -2.6092529

2022-09-15 15:40:39.227235
0.2280579 9.6030884 3.6989594
0.0227306 -0.0041828 -0.0193706
0.1016235 0.1139374 -0.0419464
44.7265625 21.0525513 -2.6092529

2022-09-15 15:40:39.242312
0.2280579 9.6030884 3.6989594
0.0227306 -0.0041828 -0.0193706
0.0749817 0.1043549 -0.0515442
44.7265625 21.0525513 -2.6092529

2022-09-15 15:40:39.257620
0.2280579 9.6030884 3.6989594
0.0227306 -0.0041828 -0.0193706
0.0856323 0.1086121 -0.0803070
44.7265625 21.0525513 -2.6092529

2022-09-15 15:40:39.274795
0.2280579 9.6030884 3.6989594
0.0227306 -0.0041828 -0.0193706
0.1197205 0.1949005 -0.1410217
44.7265625 21.0525513 -2.6092529

2022-09-15 15:40:39.290909
0.2280579 9.6030884 3.6989594
0.0227306 -0.0041828 -0.0193706
0.1634064 0.1885071 -0.2006836
44.7265625 21.0525513 -2.6092529

2022-09-15 15:40:39.308581
0.2280579 9.6030884 3.6989594
0.0227306 -0.0041828 -0.0193706
0.1463623 0.0042267 -0.2432861
44.7265625 21.0525513 -2.6092529

2022-09-15 15:40:39.325511
0.2280579 9.6030884 3.6989594
0.0227306 -0.0041828 -0.0193706
0.1303864 -0.1843262 -0.2837677
44.7265625 21.0525513 -2.6092529

2022-09-15 15:40:39.344438
0.2280579 9.6030884 3.6989594
0.0000000 0.0000000 -0.0000000
0.0803070 -0.7009888 -0.3359680
44.6716309 21.8048096 -3.3950806

2022-09-15 15:40:39.374321
0.2280579 9.6030884 3.6989594
0.0000000 0.0000000 -0.0000000
-0.1540527 -0.8021851 -0.0749817
44.6716309 21.8048096 -3.3950806

2022-09-15 15:40:39.391442
0.2280579 9.6030884 3.6989594
0.0000000 0.0000000 -0.0000000
-0.3852081 -0.5135040 -0.0110626
44.6716309 21.8048096 -3.3950806

2022-09-15 15:40:39.424880
-0.2507782 9.7898254 3.1483002
0.0000000 0.0000000 -0.0000000
-0.6163635 0.2108765 0.0102386
44.6716309 21.8048096 -3.3950806

2022-09-15 15:40:39.441888
-0.2507782 9.7898254 3.1483002
0.0000000 0.0000000 -0.0000000
-0.6014557 0.3206024 -0.0057373
44.6716309 21.8048096 -3.3950806

2022-09-15 15:40:39.476232
-0.2507782 9.7898254 3.1483002
0.0000000 0.0000000 -0.0000000
-0.2115631 0.0436401 -0.1708527
44.6716309 21.8048096 -3.3950806

2022-09-15 15:40:39.491141
-0.2507782 9.7898254 3.1483002
0.0000000 0.0000000 -0.0000000
0.0398254 -0.0799408 -0.2965546
44.6716309 21.8048096 -3.3950806

2022-09-15 15:40:39.510974
-0.2507782 9.7898254 3.1483002
0.0000000 0.0000000 -0.0000000
0.2933655 -0.1843262 -0.4179993
44.6716309 21.8048096 -3.3950806

2022-09-15 15:40:39.529980
-0.2507782 9.7898254 3.1483002
0.0000000 0.0000000 -0.0000000
0.3934937 -0.2684937 -0.4286499
44.6716309 21.8048096 -3.3950806

2022-09-15 15:40:39.542617
-0.2507782 9.7898254 3.1483002
0.0924788 -0.1080112 0.0735526
0.4243927 -0.3270721 -0.3753815
45.3842163 21.5621948 -2.8228760

2022-09-15 15:40:39.560384
-0.2507782 9.7898254 3.1483002
0.0924788 -0.1080112 0.0735526
0.4627380 -0.3079071 -0.3327637
45.3842163 21.5621948 -2.8228760

2022-09-15 15:40:39.574659
-0.2507782 9.7898254 3.1483002
0.0924788 -0.1080112 0.0735526
0.4851074 -0.2130890 -0.2986755
45.3842163 21.5621948 -2.8228760

2022-09-15 15:40:39.592725
-0.2507782 9.7898254 3.1483002
0.0924788 -0.1080112 0.0735526
0.5149384 -0.1385193 -0.2613983
45.3842163 21.5621948 -2.8228760

2022-09-15 15:40:39.624528
-0.6266785 9.6605377 4.3070831
0.0924788 -0.1080112 0.0735526
0.4403687 -0.2684937 -0.1846924
45.3842163 21.5621948 -2.8228760

2022-09-15 15:40:39.643617
-0.6266785 9.6605377 4.3070831
0.0924788 -0.1080112 0.0735526
0.3732605 -0.3537140 -0.1527405
45.3842163 21.5621948 -2.8228760

2022-09-15 15:40:39.659463
-0.6266785 9.6605377 4.3070831
0.0924788 -0.1080112 0.0735526
0.3253174 -0.3845978 -0.1474152
45.3842163 21.5621948 -2.8228760

2022-09-15 15:40:39.677084
-0.6266785 9.6605377 4.3070831
0.0924788 -0.1080112 0.0735526
0.2933655 -0.4357300 -0.1569977
45.3842163 21.5621948 -2.8228760

2022-09-15 15:40:39.708374
-0.6266785 9.6605377 4.3070831
0.0924788 -0.1080112 0.0735526
0.2603455 -0.6605072 -0.1751099
45.3842163 21.5621948 -2.8228760

2022-09-15 15:40:39.724953
-0.6266785 9.6605377 4.3070831
0.0924788 -0.1080112 0.0735526
0.2827148 -0.7510529 -0.1484833
45.3842163 21.5621948 -2.8228760

2022-09-15 15:40:39.744456
-0.6266785 9.6605377 4.3070831
-0.3380295 -0.0532932 0.9271894
0.3104095 -0.8554535 -0.1058655
44.1833496 24.3072510 -6.2362671

2022-09-15 15:40:39.758813
-0.6266785 9.6605377 4.3070831
-0.3380295 -0.0532932 0.9271894
0.3327789 -0.8980560 -0.1069336
44.1833496 24.3072510 -6.2362671

2022-09-15 15:40:39.775915
-0.6266785 9.6605377 4.3070831
-0.3380295 -0.0532932 0.9271894
0.3657990 -0.7819519 -0.1740417
44.1833496 24.3072510 -6.2362671

2022-09-15 15:40:39.791542
-0.6266785 9.6605377 4.3070831
-0.3380295 -0.0532932 0.9271894
0.3551483 -0.7180328 -0.2081299
44.1833496 24.3072510 -6.2362671

2022-09-15 15:40:39.839688
0.5991669 9.6270294 2.5425568
-0.3380295 -0.0532932 0.9271894
0.1751251 -0.4229584 -0.2315674
44.1833496 24.3072510 -6.2362671

2022-09-15 15:40:39.858022
0.5991669 9.6270294 2.5425568
-0.3380295 -0.0532932 0.9271894
0.0685883 -0.3430634 -0.1857605
44.1833496 24.3072510 -6.2362671

2022-09-15 15:40:39.876307
0.5991669 9.6270294 2.5425568
-0.3380295 -0.0532932 0.9271894
0.0217285 -0.3441162 -0.1378326
44.1833496 24.3072510 -6.2362671

2022-09-15 15:40:39.894353
0.5991669 9.6270294 2.5425568
-0.3380295 -0.0532932 0.9271894
0.0089417 -0.4005737 -0.1069336
44.1833496 24.3072510 -6.2362671

2022-09-15 15:40:39.909564
0.5991669 9.6270294 2.5425568
-0.3380295 -0.0532932 0.9271894
0.0206604 -0.5465240 -0.0749817
44.1833496 24.3072510 -6.2362671

2022-09-15 15:40:39.925845
0.5991669 9.6270294 2.5425568
-0.3380295 -0.0532932 0.9271894
0.1069489 -0.6924591 -0.0707092
44.1833496 24.3072510 -6.2362671

2022-09-15 15:40:39.942255
0.5991669 9.6270294 2.5425568
-0.0491224 -0.0859137 -0.4781916
0.1932373 -0.7766113 -0.0856323
42.7001953 26.4739990 -11.3952637

2022-09-15 15:40:39.961004
0.5991669 9.6270294 2.5425568
-0.0491224 -0.0859137 -0.4781916
0.2901764 -0.8724976 -0.0909576
42.7001953 26.4739990 -11.3952637

2022-09-15 15:40:39.974472
0.5991669 9.6270294 2.5425568
-0.0491224 -0.0859137 -0.4781916
0.3721924 -0.9033813 -0.0920258
42.7001953 26.4739990 -11.3952637

2022-09-15 15:40:39.993939
0.5991669 9.6270294 2.5425568
-0.0491224 -0.0859137 -0.4781916
0.4297180 -0.9129791 -0.0984192
42.7001953 26.4739990 -11.3952637

2022-09-15 15:40:40.043397
-0.0329132 9.9023590 2.6215668
-0.0491224 -0.0859137 -0.4781916
0.4648743 -0.8149719 -0.1729736
42.7001953 26.4739990 -11.3952637

2022-09-15 15:40:40.058416
-0.0329132 9.9023590 2.6215668
-0.0491224 -0.0859137 -0.4781916
0.4073486 -0.7414703 -0.1804352
42.7001953 26.4739990 -11.3952637

2022-09-15 15:40:40.074467
-0.0329132 9.9023590 2.6215668
-0.0491224 -0.0859137 -0.4781916
0.3487549 -0.5997925 -0.2219849
42.7001953 26.4739990 -11.3952637

2022-09-15 15:40:40.091143
-0.0329132 9.9023590 2.6215668
-0.0491224 -0.0859137 -0.4781916
0.3221283 -0.5284119 -0.2422180
42.7001953 26.4739990 -11.3952637

2022-09-15 15:40:40.108997
-0.0329132 9.9023590 2.6215668
-0.0491224 -0.0859137 -0.4781916
0.2124023 -0.5007172 -0.2528687
42.7001953 26.4739990 -11.3952637

2022-09-15 15:40:40.127233
-0.0329132 9.9023590 2.6215668
-0.0491224 -0.0859137 -0.4781916
0.1580811 -0.4623718 -0.2528687
42.7001953 26.4739990 -11.3952637

2022-09-15 15:40:40.143641
-0.0329132 9.9023590 2.6215668
-0.2272503 0.0186958 0.0149207
0.1101379 -0.4527740 -0.2454224
40.3991699 26.8875122 -17.8497314

2022-09-15 15:40:40.158552
-0.0329132 9.9023590 2.6215668
-0.2272503 0.0186958 0.0149207
0.0696564 -0.3973846 -0.2368927
40.3991699 26.8875122 -17.8497314

2022-09-15 15:40:40.174447
-0.0329132 9.9023590 2.6215668
-0.2272503 0.0186958 0.0149207
0.0515442 -0.3867340 -0.2368927
40.3991699 26.8875122 -17.8497314

2022-09-15 15:40:40.191010
-0.0329132 9.9023590 2.6215668
-0.2272503 0.0186958 0.0149207
0.0483551 -0.4048462 -0.2368927
40.3991699 26.8875122 -17.8497314

2022-09-15 15:40:40.218948
-0.7870789 10.0460052 1.6758575
-0.2272503 0.0186958 0.0149207
0.0398254 -0.4346619 -0.2091980
40.3991699 26.8875122 -17.8497314

2022-09-15 15:40:40.244158
-0.7870789 10.0460052 1.6758575
-0.2272503 0.0186958 0.0149207
0.0728607 -0.5092316 -0.1367645
40.3991699 26.8875122 -17.8497314

2022-09-15 15:40:40.257826
-0.7870789 10.0460052 1.6758575
-0.2272503 0.0186958 0.0149207
0.1005554 -0.5688934 -0.0984192
40.3991699 26.8875122 -17.8497314

2022-09-15 15:40:40.274508
-0.7870789 10.0460052 1.6758575
-0.2272503 0.0186958 0.0149207
0.1175995 -0.6168365 -0.0888214
40.3991699 26.8875122 -17.8497314

2022-09-15 15:40:40.291617
-0.7870789 10.0460052 1.6758575
-0.2272503 0.0186958 0.0149207
0.1197205 -0.6264191 -0.1101379
40.3991699 26.8875122 -17.8497314

2022-09-15 15:40:40.308492
-0.7870789 10.0460052 1.6758575
-0.2272503 0.0186958 0.0149207
0.1143951 -0.6019135 -0.1623230
40.3991699 26.8875122 -17.8497314

2022-09-15 15:40:40.324438
-0.7870789 10.0460052 1.6758575
-0.2272503 0.0186958 0.0149207
0.0835114 -0.5614319 -0.1889648
40.3991699 26.8875122 -17.8497314

2022-09-15 15:40:40.341061
-0.7870789 10.0460052 1.6758575
-0.4284723 -0.0335197 -0.5973773
0.0472870 -0.5145569 -0.2177277
37.7685547 26.7913818 -23.4497070

2022-09-15 15:40:40.358316
-0.7870789 10.0460052 1.6758575
-0.4284723 -0.0335197 -0.5973773
0.0377045 -0.4847412 -0.2347717
37.7685547 26.7913818 -23.4497070

2022-09-15 15:40:40.375865
-0.7870789 10.0460052 1.6758575
-0.4284723 -0.0335197 -0.5973773
0.0014801 -0.3909912 -0.2422180
37.7685547 26.7913818 -23.4497070

2022-09-15 15:40:40.391842
-0.7870789 10.0460052 1.6758575
-0.4284723 -0.0335197 -0.5973773
-0.0379333 -0.3654327 -0.2326355
37.7685547 26.7913818 -23.4497070

2022-09-15 15:40:40.408815
-0.7870789 10.0460052 1.6758575
-0.4284723 -0.0335197 -0.5973773
-0.0485840 -0.3398590 -0.2166595
37.7685547 26.7913818 -23.4497070

2022-09-15 15:40:40.441201
-0.4854126 9.9095459 1.7381134
-0.4284723 -0.0335197 -0.5973773
0.0249176 -0.3622284 -0.2049408
37.7685547 26.7913818 -23.4497070

2022-09-15 15:40:40.459782
-0.4854126 9.9095459 1.7381134
-0.4284723 -0.0335197 -0.5973773
0.0536804 -0.3760834 -0.1793671
37.7685547 26.7913818 -23.4497070

2022-09-15 15:40:40.494385
-0.4854126 9.9095459 1.7381134
-0.4284723 -0.0335197 -0.5973773
0.0803070 -0.4176178 -0.1175842
37.7685547 26.7913818 -23.4497070

2022-09-15 15:40:40.509513
-0.4854126 9.9095459 1.7381134
-0.4284723 -0.0335197 -0.5973773
0.0728607 -0.4293365 -0.0973511
37.7685547 26.7913818 -23.4497070

2022-09-15 15:40:40.527037
-0.4854126 9.9095459 1.7381134
-0.1645438 -0.0604820 -0.2911749
0.0398254 -0.4186859 -0.1111908
37.7685547 26.7913818 -23.4497070

2022-09-15 15:40:40.558959
-0.4854126 9.9095459 1.7381134
-0.1645438 -0.0604820 -0.2911749
-0.0027771 -0.4208221 -0.0994720
34.0835571 28.3325195 -26.1581421

2022-09-15 15:40:40.574284
-0.4854126 9.9095459 1.7381134
-0.1645438 -0.0604820 -0.2911749
-0.0315399 -0.4538422 -0.0813751
34.0835571 28.3325195 -26.1581421

2022-09-15 15:40:40.591179
-0.4854126 9.9095459 1.7381134
-0.1645438 -0.0604820 -0.2911749
-0.0315399 -0.5124359 -0.0845642
34.0835571 28.3325195 -26.1581421

2022-09-15 15:40:40.609351
-0.4854126 9.9095459 1.7381134
-0.1645438 -0.0604820 -0.2911749
-0.0272827 -0.5859375 -0.0888214
34.0835571 28.3325195 -26.1581421

2022-09-15 15:40:40.641560
-0.4638672 10.2495117 1.9080963
-0.1645438 -0.0604820 -0.2911749
-0.0368652 -0.5422668 -0.0589905
34.0835571 28.3325195 -26.1581421

2022-09-15 15:40:40.660208
-0.4638672 10.2495117 1.9080963
-0.1645438 -0.0604820 -0.2911749
-0.0240784 -0.5294800 -0.0153198
34.0835571 28.3325195 -26.1581421

2022-09-15 15:40:40.674249
-0.4638672 10.2495117 1.9080963
-0.1645438 -0.0604820 -0.2911749
-0.0304718 -0.4666290 0.0155640
34.0835571 28.3325195 -26.1581421

2022-09-15 15:40:40.691362
-0.4638672 10.2495117 1.9080963
-0.1645438 -0.0604820 -0.2911749
-0.0251465 -0.4037781 0.0336761
34.0835571 28.3325195 -26.1581421

2022-09-15 15:40:40.710559
-0.4638672 10.2495117 1.9080963
-0.1645438 -0.0604820 -0.2911749
-0.0113068 -0.3739471 0.0475311
34.0835571 28.3325195 -26.1581421

2022-09-15 15:40:40.724077
-0.4638672 10.2495117 1.9080963
-0.2999446 0.1354771 -0.2602906
0.0270538 -0.3601074 0.0358124
34.0835571 28.3325195 -26.1581421

2022-09-15 15:40:40.741489
-0.4638672 10.2495117 1.9080963
-0.2999446 0.1354771 -0.2602906
0.0515442 -0.3196259 0.0102386
31.2866211 28.9749146 -29.3960571

2022-09-15 15:40:40.760401
-0.4638672 10.2495117 1.9080963
-0.2999446 0.1354771 -0.2602906
0.0696564 -0.2684937 0.0123749
31.2866211 28.9749146 -29.3960571

2022-09-15 15:40:40.775640
-0.4638672 10.2495117 1.9080963
-0.2999446 0.1354771 -0.2602906
0.0600739 -0.2205505 0.0336761
31.2866211 28.9749146 -29.3960571

2022-09-15 15:40:40.793618
-0.4638672 10.2495117 1.9080963
-0.2999446 0.1354771 -0.2602906
0.0366364 -0.1822052 0.0390015
31.2866211 28.9749146 -29.3960571

2022-09-15 15:40:40.808373
-0.4638672 10.2495117 1.9080963
-0.2999446 0.1354771 -0.2602906
0.0334473 -0.1928558 0.0006561
31.2866211 28.9749146 -29.3960571

2022-09-15 15:40:40.843174
-0.2005005 9.9598236 1.8219147
-0.2999446 0.1354771 -0.2602906
0.0515442 -0.2045746 -0.0813751
31.2866211 28.9749146 -29.3960571

2022-09-15 15:40:40.863274
-0.2005005 9.9598236 1.8219147
-0.2999446 0.1354771 -0.2602906
0.0504913 -0.1981812 -0.0749817
31.2866211 28.9749146 -29.3960571

2022-09-15 15:40:40.892713
-0.2005005 9.9598236 1.8219147
-0.2999446 0.1354771 -0.2602906
-0.0017090 -0.2301331 0.0017242
31.2866211 28.9749146 -29.3960571

2022-09-15 15:40:40.907645
-0.2005005 9.9598236 1.8219147
-0.2999446 0.1354771 -0.2602906
-0.0251465 -0.2631683 -0.0142517
31.2866211 28.9749146 -29.3960571

2022-09-15 15:40:40.924795
-0.2005005 9.9598236 1.8219147
-0.1249010 -0.0430880 -0.0737128
-0.0368652 -0.2493134 -0.0515442
31.2866211 28.9749146 -29.3960571

2022-09-15 15:40:40.941857
-0.2005005 9.9598236 1.8219147
-0.1249010 -0.0430880 -0.0737128
-0.0496521 -0.2109680 -0.0749817
27.4612427 29.9316406 -32.2708130

2022-09-15 15:40:40.958380
-0.2005005 9.9598236 1.8219147
-0.1249010 -0.0430880 -0.0737128
-0.0560455 -0.1981812 -0.0717773
27.4612427 29.9316406 -32.2708130

2022-09-15 15:40:40.975494
-0.2005005 9.9598236 1.8219147
-0.1249010 -0.0430880 -0.0737128
-0.0624390 -0.1853943 -0.0675201
27.4612427 29.9316406 -32.2708130

2022-09-15 15:40:40.991654
-0.2005005 9.9598236 1.8219147
-0.1249010 -0.0430880 -0.0737128
-0.0485840 -0.1960449 -0.0685883
27.4612427 29.9316406 -32.2708130

2022-09-15 15:40:41.008284
-0.2005005 9.9598236 1.8219147
-0.1249010 -0.0430880 -0.0737128
-0.0198212 -0.2109680 -0.0675201
27.4612427 29.9316406 -32.2708130

2022-09-15 15:40:41.045145
-0.4111938 10.0460052 2.0589294
-0.1249010 -0.0430880 -0.0737128
0.0398254 -0.2024384 -0.0334320
27.4612427 29.9316406 -32.2708130

2022-09-15 15:40:41.058320
-0.4111938 10.0460052 2.0589294
-0.1249010 -0.0430880 -0.0737128
0.0472870 -0.1790009 -0.0398254
27.4612427 29.9316406 -32.2708130

2022-09-15 15:40:41.076404
-0.4111938 10.0460052 2.0589294
-0.1249010 -0.0430880 -0.0737128
0.0291748 -0.1459808 -0.0568695
27.4612427 29.9316406 -32.2708130

2022-09-15 15:40:41.092722
-0.4111938 10.0460052 2.0589294
-0.1249010 -0.0430880 -0.0737128
-0.0027771 -0.1076355 -0.0579376
27.4612427 29.9316406 -32.2708130

2022-09-15 15:40:41.108719
-0.4111938 10.0460052 2.0589294
-0.1249010 -0.0430880 -0.0737128
0.0142670 -0.1118927 -0.0558014
27.4612427 29.9316406 -32.2708130

2022-09-15 15:40:41.125187
-0.4111938 10.0460052 2.0589294
-0.0821096 0.0410929 -0.1754026
0.0536804 -0.1246796 -0.0558014
27.4612427 29.9316406 -32.2708130

2022-09-15 15:40:41.141459
-0.4111938 10.0460052 2.0589294
-0.0821096 0.0410929 -0.1754026
0.0568695 -0.1054993 -0.0600586
27.0736694 30.2627563 -32.9895020

2022-09-15 15:40:41.158570
-0.4111938 10.0460052 2.0589294
-0.0821096 0.0410929 -0.1754026
0.0590057 -0.0873871 -0.0558014
27.0736694 30.2627563 -32.9895020

2022-09-15 15:40:41.176521
-0.4111938 10.0460052 2.0589294
-0.0821096 0.0410929 -0.1754026
0.0568695 -0.0927124 -0.0430145
27.0736694 30.2627563 -32.9895020

2022-09-15 15:40:41.199431
-0.4111938 10.0460052 2.0589294
-0.0821096 0.0410929 -0.1754026
0.0632629 -0.1268005 -0.0430145
27.0736694 30.2627563 -32.9895020

2022-09-15 15:40:41.237357
-0.2603607 10.1322021 1.8554230
-0.0821096 0.0410929 -0.1754026
0.0355682 -0.1300049 -0.0462189
27.0736694 30.2627563 -32.9895020

2022-09-15 15:40:41.257790
-0.2603607 10.1322021 1.8554230
-0.0821096 0.0410929 -0.1754026
0.0494232 -0.0895233 -0.0462189
27.0736694 30.2627563 -32.9895020

2022-09-15 15:40:41.275847
-0.2603607 10.1322021 1.8554230
-0.0821096 0.0410929 -0.1754026
0.0962982 -0.0820618 -0.0408936
27.0736694 30.2627563 -32.9895020

2022-09-15 15:40:41.291173
-0.2603607 10.1322021 1.8554230
-0.0821096 0.0410929 -0.1754026
0.1293182 -0.0863342 -0.0451508
27.0736694 30.2627563 -32.9895020

2022-09-15 15:40:41.314761
-0.2603607 10.1322021 1.8554230
-0.0821096 0.0410929 -0.1754026
0.1474304 -0.0415802 -0.0515442
27.0736694 30.2627563 -32.9895020

2022-09-15 15:40:41.341961
-0.2603607 10.1322021 1.8554230
0.0433258 0.0480633 0.0263667
0.1431580 -0.0256042 -0.0600586
25.6790161 28.9154053 -34.0652466

2022-09-15 15:40:41.359492
-0.2603607 10.1322021 1.8554230
0.0433258 0.0480633 0.0263667
0.1026764 -0.0064392 -0.0526123
25.6790161 28.9154053 -34.0652466

2022-09-15 15:40:41.374262
-0.2603607 10.1322021 1.8554230
0.0433258 0.0480633 0.0263667
0.0526123 0.0148773 -0.0653839
25.6790161 28.9154053 -34.0652466

2022-09-15 15:40:41.391746
-0.2603607 10.1322021 1.8554230
0.0433258 0.0480633 0.0263667
0.0227814 0.0180664 -0.0813751
25.6790161 28.9154053 -34.0652466

2022-09-15 15:40:41.408259
-0.2603607 10.1322021 1.8554230
0.0433258 0.0480633 0.0263667
-0.0134277 0.0106049 -0.0834961
25.6790161 28.9154053 -34.0652466

2022-09-15 15:40:41.426543
-0.2603607 10.1322021 1.8554230
0.0433258 0.0480633 0.0263667
-0.0368652 -0.0074921 -0.0749817
25.6790161 28.9154053 -34.0652466

2022-09-15 15:40:41.458481
-0.4902039 10.0436096 1.7165680
0.0433258 0.0480633 0.0263667
-0.0528412 -0.0756683 -0.0632629
25.6790161 28.9154053 -34.0652466

2022-09-15 15:40:41.474253
-0.4902039 10.0436096 1.7165680
0.0433258 0.0480633 0.0263667
-0.0453949 -0.0948486 -0.0440826
25.6790161 28.9154053 -34.0652466

2022-09-15 15:40:41.492139
-0.4902039 10.0436096 1.7165680
0.0433258 0.0480633 0.0263667
-0.0326080 -0.0948486 -0.0323639
25.6790161 28.9154053 -34.0652466

2022-09-15 15:40:41.513387
-0.4902039 10.0436096 1.7165680
0.0433258 0.0480633 0.0263667
0.0142670 -0.0809937 -0.0131989
25.6790161 28.9154053 -34.0652466

2022-09-15 15:40:41.524665
-0.4902039 10.0436096 1.7165680
0.0282477 0.0523977 -0.1054310
0.0142670 -0.0767365 -0.0089264
25.6790161 28.9154053 -34.0652466

2022-09-15 15:40:41.543506
-0.4902039 10.0436096 1.7165680
0.0282477 0.0523977 -0.1054310
0.0110779 -0.0532990 0.0006561
25.3723145 29.5730591 -33.2839966

2022-09-15 15:40:41.559311
-0.4902039 10.0436096 1.7165680
0.0282477 0.0523977 -0.1054310
0.0089417 -0.0330658 0.0145111
25.3723145 29.5730591 -33.2839966

2022-09-15 15:40:41.578902
-0.4902039 10.0436096 1.7165680
0.0282477 0.0523977 -0.1054310
-0.0006409 -0.0490417 0.0368805
25.3723145 29.5730591 -33.2839966

2022-09-15 15:40:41.590831
-0.4902039 10.0436096 1.7165680
0.0282477 0.0523977 -0.1054310
0.0110779 -0.0714111 0.0443268
25.3723145 29.5730591 -33.2839966

2022-09-15 15:40:41.608525
-0.4902039 10.0436096 1.7165680
0.0282477 0.0523977 -0.1054310
0.0547485 -0.0373230 0.0368805
25.3723145 29.5730591 -33.2839966

2022-09-15 15:40:41.624465
-0.4902039 10.0436096 1.7165680
0.0282477 0.0523977 -0.1054310
0.0792542 -0.0106964 0.0368805
25.3723145 29.5730591 -33.2839966

2022-09-15 15:40:41.656209
-0.4351349 10.2279663 1.9512024
0.0282477 0.0523977 -0.1054310
0.1122742 -0.0074921 0.0443268
25.3723145 29.5730591 -33.2839966

2022-09-15 15:40:41.677990
-0.4351349 10.2279663 1.9512024
0.0282477 0.0523977 -0.1054310
0.1026764 0.0138092 0.0539246
25.3723145 29.5730591 -33.2839966

2022-09-15 15:40:41.692885
-0.4351349 10.2279663 1.9512024
0.0282477 0.0523977 -0.1054310
0.0771179 0.0436401 0.0613708
25.3723145 29.5730591 -33.2839966

2022-09-15 15:40:41.707594
-0.4351349 10.2279663 1.9512024
0.0282477 0.0523977 -0.1054310
0.0622101 0.0553589 0.0549927
25.3723145 29.5730591 -33.2839966

2022-09-15 15:40:41.732341
-0.4351349 10.2279663 1.9512024
-0.1807095 0.0670385 0.1173804
0.0323792 0.0510864 0.0432739
25.3723145 29.5730591 -33.2839966

2022-09-15 15:40:41.775762
-0.4351349 10.2279663 1.9512024
-0.1807095 0.0670385 0.1173804
0.0046844 -0.0362549 0.0603180
26.0879517 30.0888062 -34.6771240

2022-09-15 15:40:41.793464
-0.4351349 10.2279663 1.9512024
-0.1807095 0.0670385 0.1173804
-0.0123596 -0.0319977 0.0613708
26.0879517 30.0888062 -34.6771240

2022-09-15 15:40:41.851788
-0.1382599 10.1896667 1.4316559
-0.1807095 0.0670385 0.1173804
-0.1146240 0.0649414 -0.0163879
26.0879517 30.0888062 -34.6771240

2022-09-15 15:40:41.874619
-0.1382599 10.1896667 1.4316559
-0.1807095 0.0670385 0.1173804
-0.1412659 0.0670776 -0.0270386
26.0879517 30.0888062 -34.6771240

2022-09-15 15:40:41.895454
-0.1382599 10.1896667 1.4316559
-0.1807095 0.0670385 0.1173804
-0.1391296 0.0500336 -0.0312958
26.0879517 30.0888062 -34.6771240

2022-09-15 15:40:41.908341
-0.1382599 10.1896667 1.4316559
-0.1807095 0.0670385 0.1173804
-0.1092987 0.0265961 -0.0323639
26.0879517 30.0888062 -34.6771240

2022-09-15 15:40:41.940913
-0.1382599 10.1896667 1.4316559
0.0401211 0.0594120 -0.3685125
-0.0230255 0.0138092 0.0006561
26.2954712 27.3437500 -34.4467163

2022-09-15 15:40:41.958513
-0.1382599 10.1896667 1.4316559
0.0401211 0.0594120 -0.3685125
0.0014801 -0.0096283 0.0304871
26.2954712 27.3437500 -34.4467163

2022-09-15 15:40:41.974365
-0.1382599 10.1896667 1.4316559
0.0401211 0.0594120 -0.3685125
0.0036163 -0.0234833 0.0390015
26.2954712 27.3437500 -34.4467163

2022-09-15 15:40:41.992819
-0.1382599 10.1896667 1.4316559
0.0401211 0.0594120 -0.3685125
-0.0059814 -0.0362549 0.0358124
26.2954712 27.3437500 -34.4467163

2022-09-15 15:40:42.012342
-0.1382599 10.1896667 1.4316559
0.0401211 0.0594120 -0.3685125
-0.0017090 -0.1023102 0.0198364
26.2954712 27.3437500 -34.4467163

2022-09-15 15:40:42.028077
-0.1382599 10.1896667 1.4316559
0.0401211 0.0594120 -0.3685125
0.0547485 -0.0522461 0.0198364
26.2954712 27.3437500 -34.4467163

2022-09-15 15:40:42.053317
-0.2388153 10.1178284 2.1714630
0.0401211 0.0594120 -0.3685125
0.1048126 0.0542908 0.0443268
26.2954712 27.3437500 -34.4467163

2022-09-15 15:40:42.074422
-0.2388153 10.1178284 2.1714630
0.0401211 0.0594120 -0.3685125
0.0920258 0.0660095 0.0390015
26.2954712 27.3437500 -34.4467163

2022-09-15 15:40:42.090900
-0.2388153 10.1178284 2.1714630
0.0401211 0.0594120 -0.3685125
0.1037445 0.1096802 0.0304871
26.2954712 27.3437500 -34.4467163

2022-09-15 15:40:42.108086
-0.2388153 10.1178284 2.1714630
0.0401211 0.0594120 -0.3685125
0.1175995 0.1949005 0.0315552
26.2954712 27.3437500 -34.4467163

2022-09-15 15:40:42.124923
-0.2388153 10.1178284 2.1714630
-0.0669474 0.0638113 0.2638253
0.1026764 0.1874390 0.0272827
26.2954712 27.3437500 -34.4467163

2022-09-15 15:40:42.142871
-0.2388153 10.1178284 2.1714630
-0.0669474 0.0638113 0.2638253
0.0526123 0.1427002 0.0240936
25.4928589 29.4128418 -34.1476440

2022-09-15 15:40:42.157804
-0.2388153 10.1178284 2.1714630
-0.0669474 0.0638113 0.2638253
0.0249176 0.0937042 0.0209045
25.4928589 29.4128418 -34.1476440

2022-09-15 15:40:42.176474
-0.2388153 10.1178284 2.1714630
-0.0669474 0.0638113 0.2638253
0.0036163 0.0159454 0.0187683
25.4928589 29.4128418 -34.1476440

2022-09-15 15:40:42.191555
-0.2388153 10.1178284 2.1714630
-0.0669474 0.0638113 0.2638253
-0.0006409 -0.0298615 0.0081177
25.4928589 29.4128418 -34.1476440

2022-09-15 15:40:42.209205
-0.2388153 10.1178284 2.1714630
-0.0669474 0.0638113 0.2638253
0.0164032 -0.0469055 -0.0025330
25.4928589 29.4128418 -34.1476440

2022-09-15 15:40:42.228284
-0.2388153 10.1178284 2.1714630
-0.0669474 0.0638113 0.2638253
0.0281219 -0.0458527 0.0102386
25.4928589 29.4128418 -34.1476440

2022-09-15 15:40:42.247460
-0.2388153 10.1178284 2.1714630
-0.0669474 0.0638113 0.2638253
0.0227814 -0.0426483 0.0145111
25.4928589 29.4128418 -34.1476440

2022-09-15 15:40:42.275124
-0.4399261 9.9789734 1.4986877
-0.0669474 0.0638113 0.2638253
-0.0027771 0.0063477 0.0219574
25.4928589 29.4128418 -34.1476440

2022-09-15 15:40:42.292950
-0.4399261 9.9789734 1.4986877
-0.0669474 0.0638113 0.2638253
-0.0006409 0.0138092 0.0251617
25.4928589 29.4128418 -34.1476440

2022-09-15 15:40:42.325012
-0.4399261 9.9789734 1.4986877
-0.0902034 -0.0281582 -0.1782486
-0.0357971 0.1437683 0.0656433
25.4928589 29.4128418 -34.1476440

2022-09-15 15:40:42.374735
-0.4399261 9.9789734 1.4986877
-0.0902034 -0.0281582 -0.1782486
-0.1029205 0.1373749 -0.0238495
24.9130249 29.6554565 -34.2437744

2022-09-15 15:40:42.392413
-0.4399261 9.9789734 1.4986877
-0.0902034 -0.0281582 -0.1782486
-0.1380615 0.1150055 -0.0270386
24.9130249 29.6554565 -34.2437744

2022-09-15 15:40:42.408231
-0.4399261 9.9789734 1.4986877
-0.0902034 -0.0281582 -0.1782486
-0.1348724 0.0787811 -0.0217133
24.9130249 29.6554565 -34.2437744

2022-09-15 15:40:42.424884
-0.4399261 9.9789734 1.4986877
-0.0902034 -0.0281582 -0.1782486
-0.1242218 0.0393677 -0.0142517
24.9130249 29.6554565 -34.2437744

2022-09-15 15:40:42.442896
-0.4399261 9.9789734 1.4986877
-0.0902034 -0.0281582 -0.1782486
-0.1359406 0.0628052 0.0049133
24.9130249 29.6554565 -34.2437744

2022-09-15 15:40:42.475214
-0.4183807 10.2806396 1.8769684
-0.0902034 -0.0281582 -0.1782486
-0.1135712 0.0990295 0.0475311
24.9130249 29.6554565 -34.2437744

2022-09-15 15:40:42.492896
-0.4183807 10.2806396 1.8769684
-0.0902034 -0.0281582 -0.1782486
-0.1039734 0.0937042 0.0475311
24.9130249 29.6554565 -34.2437744

2022-09-15 15:40:42.510373
-0.4183807 10.2806396 1.8769684
-0.0902034 -0.0281582 -0.1782486
-0.0571136 0.0873108 0.0571136
24.9130249 29.6554565 -34.2437744

2022-09-15 15:40:42.524609
-0.4183807 10.2806396 1.8769684
-0.0776676 0.1003370 -0.3574274
-0.0113068 0.0585480 0.0741577
24.9130249 29.6554565 -34.2437744

2022-09-15 15:40:42.541453
-0.4183807 10.2806396 1.8769684
-0.0776676 0.1003370 -0.3574274
0.0121307 0.0628052 0.0762939
27.6870728 28.6087036 -33.5296631

2022-09-15 15:40:42.560347
-0.4183807 10.2806396 1.8769684
-0.0776676 0.1003370 -0.3574274
0.0483551 0.0489655 0.0560455
27.6870728 28.6087036 -33.5296631

2022-09-15 15:40:42.574413
-0.4183807 10.2806396 1.8769684
-0.0776676 0.1003370 -0.3574274
0.0888367 0.0606842 0.0166321
27.6870728 28.6087036 -33.5296631

2022-09-15 15:40:42.591197
-0.4183807 10.2806396 1.8769684
-0.0776676 0.1003370 -0.3574274
0.0909576 0.1043549 -0.0025330
27.6870728 28.6087036 -33.5296631

2022-09-15 15:40:42.608556
-0.4183807 10.2806396 1.8769684
-0.0776676 0.1003370 -0.3574274
0.0973511 0.1096802 -0.0217133
27.6870728 28.6087036 -33.5296631

2022-09-15 15:40:42.625454
-0.4183807 10.2806396 1.8769684
-0.0776676 0.1003370 -0.3574274
0.0792542 0.0958252 -0.0430145
27.6870728 28.6087036 -33.5296631

2022-09-15 15:40:42.641374
-0.4183807 10.2806396 1.8769684
-0.0776676 0.1003370 -0.3574274
0.0632629 0.0841217 -0.0515442
27.6870728 28.6087036 -33.5296631

2022-09-15 15:40:42.673837
-0.1454315 10.1058655 1.5753021
-0.0776676 0.1003370 -0.3574274
-0.0070343 0.0958252 -0.0472870
27.6870728 28.6087036 -33.5296631

2022-09-15 15:40:42.691725
-0.1454315 10.1058655 1.5753021
-0.0776676 0.1003370 -0.3574274
-0.0294037 0.0702667 -0.0504761
27.6870728 28.6087036 -33.5296631

2022-09-15 15:40:42.708884
-0.1454315 10.1058655 1.5753021
0.0797883 -0.0161972 0.1405265
-0.0453949 0.0446930 -0.0494080
27.6870728 28.6087036 -33.5296631

2022-09-15 15:40:42.724486
-0.1454315 10.1058655 1.5753021
0.0797883 -0.0161972 0.1405265
-0.0560455 0.0393677 -0.0302429
27.6870728 28.6087036 -33.5296631

2022-09-15 15:40:42.744318
-0.1454315 10.1058655 1.5753021
0.0797883 -0.0161972 0.1405265
-0.0634918 0.0244598 -0.0195770
25.9155273 27.5848389 -33.7478638

2022-09-15 15:40:42.758745
-0.1454315 10.1058655 1.5753021
0.0797883 -0.0161972 0.1405265
-0.0571136 0.0340424 -0.0174561
25.9155273 27.5848389 -33.7478638

2022-09-15 15:40:42.774311
-0.1454315 10.1058655 1.5753021
0.0797883 -0.0161972 0.1405265
-0.0507202 0.0542908 -0.0099945
25.9155273 27.5848389 -33.7478638

2022-09-15 15:40:42.791795
-0.1454315 10.1058655 1.5753021
0.0797883 -0.0161972 0.1405265
-0.0485840 0.0713348 0.0177002
25.9155273 27.5848389 -33.7478638

2022-09-15 15:40:42.810117
-0.1454315 10.1058655 1.5753021
0.0797883 -0.0161972 0.1405265
-0.0357971 0.0564117 0.0304871
25.9155273 27.5848389 -33.7478638

2022-09-15 15:40:42.825926
-0.1454315 10.1058655 1.5753021
0.0797883 -0.0161972 0.1405265
-0.0421906 0.0446930 0.0326080
25.9155273 27.5848389 -33.7478638

2022-09-15 15:40:42.842665
-0.1454315 10.1058655 1.5753021
0.0797883 -0.0161972 0.1405265
-0.0368652 0.0489655 0.0240936
25.9155273 27.5848389 -33.7478638

2022-09-15 15:40:42.893515
-0.1406555 10.1920624 1.9535828
0.0797883 -0.0161972 0.1405265
0.0036163 0.0404358 0.0411377
25.9155273 27.5848389 -33.7478638

2022-09-15 15:40:42.915224
-0.1406555 10.1920624 1.9535828
0.0256612 0.0689726 -0.0842875
0.0153351 0.0138092 0.0507202
25.9155273 27.5848389 -33.7478638

2022-09-15 15:40:42.942240
-0.1406555 10.1920624 1.9535828
0.0256612 0.0689726 -0.0842875
0.0323792 -0.0234833 0.0496521
28.1250000 31.3659668 -34.2132568

2022-09-15 15:40:42.958647
-0.1406555 10.1920624 1.9535828
0.0256612 0.0689726 -0.0842875
0.0270538 0.0031586 0.0560455
28.1250000 31.3659668 -34.2132568

2022-09-15 15:40:42.974389
-0.1406555 10.1920624 1.9535828
0.0256612 0.0689726 -0.0842875
0.0153351 0.0500336 0.0624390
28.1250000 31.3659668 -34.2132568

2022-09-15 15:40:42.990905
-0.1406555 10.1920624 1.9535828
0.0256612 0.0689726 -0.0842875
0.0249176 0.0446930 0.0677643
28.1250000 31.3659668 -34.2132568

2022-09-15 15:40:43.008818
-0.1406555 10.1920624 1.9535828
0.0256612 0.0689726 -0.0842875
0.0430298 0.0127411 0.0528564
28.1250000 31.3659668 -34.2132568

2022-09-15 15:40:43.027037
-0.1406555 10.1920624 1.9535828
0.0256612 0.0689726 -0.0842875
0.0515442 0.0042267 0.0326080
28.1250000 31.3659668 -34.2132568

2022-09-15 15:40:43.043399
-0.1406555 10.1920624 1.9535828
0.0256612 0.0689726 -0.0842875
0.0558167 0.0202026 0.0113068
28.1250000 31.3659668 -34.2132568

2022-09-15 15:40:43.077600
-0.1023407 10.0675507 1.7979736
0.0256612 0.0689726 -0.0842875
0.0483551 0.0968933 -0.0302429
28.1250000 31.3659668 -34.2132568

2022-09-15 15:40:43.092556
-0.1023407 10.0675507 1.7979736
0.0256612 0.0689726 -0.0842875
0.0419617 0.1192627 -0.0291748
28.1250000 31.3659668 -34.2132568

2022-09-15 15:40:43.110515
-0.1023407 10.0675507 1.7979736
0.0328363 0.0405178 0.0729893
0.0313110 0.0809174 -0.0281067
28.1250000 31.3659668 -34.2132568

2022-09-15 15:40:43.125903
-0.1023407 10.0675507 1.7979736
0.0328363 0.0405178 0.0729893
0.0217285 0.0628052 -0.0291748
28.1250000 31.3659668 -34.2132568

2022-09-15 15:40:43.144360
-0.1023407 10.0675507 1.7979736
0.0328363 0.0405178 0.0729893
0.0153351 0.0393677 -0.0174561
27.8472900 29.6859741 -32.1014404

2022-09-15 15:40:43.161528
-0.1023407 10.0675507 1.7979736
0.0328363 0.0405178 0.0729893
0.0345001 0.0777283 -0.0057373
27.8472900 29.6859741 -32.1014404

2022-09-15 15:40:43.175194
-0.1023407 10.0675507 1.7979736
0.0328363 0.0405178 0.0729893
0.0536804 0.1448364 -0.0057373
27.8472900 29.6859741 -32.1014404

2022-09-15 15:40:43.193094
-0.1023407 10.0675507 1.7979736
0.0328363 0.0405178 0.0729893
0.0760498 0.2087555 -0.0099945
27.8472900 29.6859741 -32.1014404

2022-09-15 15:40:43.208701
-0.1023407 10.0675507 1.7979736
0.0328363 0.0405178 0.0729893
-0.0251465 0.1064911 -0.0163879
27.8472900 29.6859741 -32.1014404

2022-09-15 15:40:43.224826
-0.1023407 10.0675507 1.7979736
0.0328363 0.0405178 0.0729893
-0.1465912 -0.1054993 0.0070496
27.8472900 29.6859741 -32.1014404

2022-09-15 15:40:43.242967
-0.1023407 10.0675507 1.7979736
0.0328363 0.0405178 0.0729893
-0.1806793 -0.1523743 0.0240936
27.8472900 29.6859741 -32.1014404

2022-09-15 15:40:43.259105
-0.1023407 10.0675507 1.7979736
0.0328363 0.0405178 0.0729893
-0.1838684 -0.1481171 0.0166321
27.8472900 29.6859741 -32.1014404

